object={
	name="env_desert_ambient_close"
	render_pass=Map
	clamp_to_water_level=yes
	generated_content=no
	layer="env_effect_layer"
	entity="env_desert_plains_ambient"
	count=18
	transform="5459.463379 0.000000 1891.604248 0.000000 0.000000 0.000000 1.000000 0.552173 0.552173 0.552173
5551.369141 0.000000 1907.295898 0.000000 0.000000 0.000000 1.000000 0.297986 0.297986 0.297986
5630.522461 0.000000 1921.134277 0.000000 0.000000 0.000000 1.000000 0.312842 0.312842 0.312842
5436.205566 0.000000 1947.849731 0.000000 0.000000 0.000000 1.000000 0.283594 0.283594 0.283594
5461.001465 0.000000 1787.006958 0.000000 0.000000 0.000000 1.000000 0.242018 0.242018 0.242018
5443.491211 0.000000 1820.069336 0.000000 0.000000 0.000000 1.000000 0.251880 0.251880 0.251880
5890.269043 0.000000 2329.384277 0.000000 0.000000 0.000000 1.000000 0.637500 0.637500 0.637500
5935.734863 1.051514 2339.483643 0.000000 0.000000 0.000000 1.000000 0.809375 0.809375 0.809375
6098.912598 0.000000 2288.814941 0.000000 0.000000 0.000000 1.000000 1.088477 1.088477 1.088477
6162.464844 0.000000 2333.692139 0.000000 0.000000 0.000000 1.000000 0.864160 0.864160 0.864160
6162.296387 0.000000 2218.608154 0.000000 0.000000 0.000000 1.000000 0.236219 0.236219 0.236219
6303.719727 0.000000 2237.951172 0.000000 0.000000 0.000000 1.000000 0.325684 0.325684 0.325684
6281.343262 0.000000 2304.405518 0.000000 0.000000 0.000000 1.000000 0.289404 0.289404 0.289404
6307.213379 0.000000 2268.338379 0.000000 0.000000 0.000000 1.000000 0.273193 0.273193 0.273193
6299.012695 0.000000 2295.916260 0.000000 0.000000 0.000000 1.000000 0.252507 0.252507 0.252507
4561.037598 0.000000 2453.812012 0.000000 0.000000 0.000000 1.000000 1.406836 1.406836 1.406836
4447.479492 0.000000 2472.533203 0.000000 0.000000 0.000000 1.000000 1.696492 1.696492 1.696492
4316.586914 0.000000 2527.282227 0.000000 0.000000 0.000000 1.000000 1.411133 1.411133 1.411133
"}
object={
	name="env_desert_mountains"
	render_pass=Map
	clamp_to_water_level=yes
	generated_content=no
	layer="env_effect_mountains_layer"
	entity="env_desert_mountains"
	count=139
	transform="775.308350 -0.837280 1708.707886 0.000000 0.000000 0.000000 1.000000 0.448315 0.448315 0.448315
802.890625 1.222046 1703.966431 0.000000 0.000000 0.000000 1.000000 0.344629 0.344629 0.344629
375.819794 0.051819 418.680481 0.000000 0.000000 0.000000 1.000000 0.471188 0.471188 0.471188
381.445251 0.000000 366.929108 0.000000 0.000000 0.000000 1.000000 0.524271 0.524271 0.524271
392.364227 1.717834 309.431915 0.000000 0.000000 0.000000 1.000000 0.415286 0.415286 0.415286
1586.597290 0.923645 292.839447 0.000000 0.000000 0.000000 1.000000 0.685159 0.685159 0.685159
1856.005371 0.673035 335.611420 0.000000 0.000000 0.000000 1.000000 0.533850 0.533850 0.533850
2121.014648 0.000000 380.232758 0.000000 0.000000 0.000000 1.000000 0.568030 0.568030 0.568030
3260.866211 0.000000 471.638794 0.000000 0.000000 0.000000 1.000000 0.586319 0.586319 0.586319
3299.452881 0.000000 538.861511 0.000000 0.000000 0.000000 1.000000 0.299982 0.299982 0.299982
3268.445068 0.000000 574.481812 0.000000 0.000000 0.000000 1.000000 0.285730 0.285730 0.285730
3149.071045 0.000000 657.428833 0.000000 0.000000 0.000000 1.000000 0.263580 0.263580 0.263580
3034.322021 0.000000 839.589478 0.000000 0.000000 0.000000 1.000000 0.486504 0.486504 0.486504
1125.991699 0.000000 356.679169 0.000000 0.000000 0.000000 1.000000 0.335573 0.335573 0.335573
794.599060 0.000000 453.239258 0.000000 0.000000 0.000000 1.000000 0.493285 0.493285 0.493285
520.925903 0.000000 1245.199463 0.000000 0.000000 0.000000 1.000000 0.446889 0.446889 0.446889
565.938843 0.000000 1280.193726 0.000000 0.137805 0.000000 0.990459 0.608395 0.608395 0.608395
605.098328 0.000000 1310.975464 0.000000 0.000000 0.000000 1.000000 0.240674 0.240674 0.240674
550.706421 -0.932129 1341.233398 0.000000 0.000000 0.000000 1.000000 0.403040 0.403040 0.403040
689.648499 0.000000 1389.789551 0.000000 0.000000 0.000000 1.000000 0.724780 0.724780 0.724780
736.771057 0.000000 1492.648315 0.000000 0.000000 0.000000 1.000000 0.548730 0.548730 0.548730
671.684570 -0.303955 1578.677734 0.000000 0.000000 0.000000 1.000000 0.325818 0.325818 0.325818
710.624390 0.000000 1537.900024 0.000000 0.000000 0.000000 1.000000 0.254944 0.254944 0.254944
628.672729 0.000000 1483.207153 0.000000 0.000000 0.000000 1.000000 0.265625 0.265625 0.265625
709.928406 -0.557861 1559.497559 0.000000 0.000000 0.000000 1.000000 0.248340 0.248340 0.248340
628.856934 -0.563843 1277.465332 0.000000 0.000000 0.000000 1.000000 0.268420 0.268420 0.268420
1138.459839 0.000000 1464.078369 0.000000 0.000000 0.000000 1.000000 0.437378 0.437378 0.437378
1359.801636 0.000000 1513.491089 0.000000 0.000000 0.000000 1.000000 0.393957 0.393957 0.393957
1268.180176 0.000000 1564.607422 0.000000 0.000000 0.000000 1.000000 0.270215 0.270215 0.270215
1324.665405 0.784058 1611.305786 0.000000 0.000000 0.000000 1.000000 0.279565 0.279565 0.279565
1253.697388 0.000000 1599.305908 0.000000 0.000000 0.000000 1.000000 0.217859 0.217859 0.217859
1230.270996 0.000000 1615.651489 0.000000 0.000000 0.000000 1.000000 0.264062 0.264062 0.264062
1116.812988 0.327026 1617.789062 0.000000 0.000000 0.000000 1.000000 0.195154 0.195154 0.195154
994.786804 0.000000 1592.144409 0.000000 0.000000 0.000000 1.000000 0.160718 0.160718 0.160718
1108.567993 0.000000 1587.226685 0.000000 0.000000 0.000000 1.000000 0.160718 0.160718 0.160718
1137.512207 0.000000 1595.625366 0.000000 0.000000 0.000000 1.000000 0.160718 0.160718 0.160718
1079.770264 0.000000 1618.855957 0.000000 0.000000 0.000000 1.000000 0.160718 0.160718 0.160718
822.810364 0.000000 376.718872 0.000000 0.000000 0.000000 1.000000 0.684759 0.684759 0.684759
1016.363464 -0.919861 166.763062 0.000000 0.000000 0.000000 1.000000 0.213333 0.213333 0.213333
1048.284302 -0.919861 189.145294 0.000000 0.000000 0.000000 1.000000 0.213333 0.213333 0.213333
1090.586182 0.000000 165.620819 0.000000 0.000000 0.000000 1.000000 0.213333 0.213333 0.213333
3410.028809 1.027893 583.706177 0.000000 0.000000 0.000000 1.000000 0.472009 0.472009 0.472009
3394.926514 0.000000 624.789246 0.000000 0.000000 0.000000 1.000000 0.356018 0.356018 0.356018
2861.727295 -0.130005 1235.499878 0.000000 0.000000 0.000000 1.000000 0.277991 0.277991 0.277991
2899.250977 -0.130005 1208.345337 0.000000 0.000000 0.000000 1.000000 0.526409 0.526409 0.526409
3090.663574 -0.130005 1082.318726 0.000000 0.000000 0.000000 1.000000 0.526409 0.526409 0.526409
3258.248291 -0.130005 1004.598816 0.000000 0.000000 0.000000 1.000000 0.526409 0.526409 0.526409
3235.216797 -0.130005 890.076355 0.000000 0.000000 0.000000 1.000000 0.526409 0.526409 0.526409
3283.126953 -0.130005 838.051514 0.000000 0.000000 0.000000 1.000000 0.526409 0.526409 0.526409
3307.573730 -0.130005 806.098206 0.000000 0.000000 0.000000 1.000000 0.526409 0.526409 0.526409
3322.286133 -1.111389 778.160034 0.000000 0.000000 0.000000 1.000000 0.526409 0.526409 0.526409
3350.072021 -1.111389 746.394348 0.000000 0.000000 0.000000 1.000000 0.526409 0.526409 0.526409
3368.265625 0.882874 713.224365 0.000000 0.000000 0.000000 1.000000 0.526409 0.526409 0.526409
4041.522949 0.000000 1068.856812 0.000000 0.000000 0.000000 1.000000 0.353748 0.353748 0.353748
3026.772461 -0.378906 1532.742310 0.000000 0.000000 0.000000 1.000000 0.221167 0.221167 0.221167
3019.341309 0.000000 1525.276489 0.000000 0.000000 0.000000 1.000000 0.166528 0.166528 0.166528
2992.235352 0.000000 1531.732666 0.000000 0.000000 0.000000 1.000000 0.166528 0.166528 0.166528
3001.291260 0.000000 1546.444092 0.000000 0.000000 0.000000 1.000000 0.166528 0.166528 0.166528
3461.199463 3.036987 1695.005615 0.000000 0.000000 0.000000 1.000000 0.578479 0.578479 0.578479
3405.794678 0.950562 1739.659546 0.000000 0.000000 0.000000 1.000000 0.431873 0.431873 0.431873
3377.130859 0.000000 1800.303589 0.000000 0.000000 0.000000 1.000000 0.623132 0.623132 0.623132
3275.534668 0.000000 1827.188599 0.000000 0.000000 0.000000 1.000000 0.338953 0.338953 0.338953
3551.958496 0.000000 1829.275391 0.000000 0.000000 0.000000 1.000000 0.226855 0.226855 0.226855
3566.405273 -0.597290 1855.562012 0.000000 0.000000 0.000000 1.000000 0.141367 0.141367 0.141367
3731.985352 1.348633 1570.792358 0.000000 0.000000 0.000000 1.000000 0.527441 0.527441 0.527441
3870.657715 -0.900757 1354.990601 0.000000 0.000000 0.000000 1.000000 0.508630 0.508630 0.508630
3801.326416 -0.074219 1331.541748 0.000000 0.000000 0.000000 1.000000 0.539233 0.539233 0.539233
3878.058838 0.000000 1281.760620 0.000000 0.000000 0.000000 1.000000 0.499768 0.499768 0.499768
3959.757324 0.000000 1328.334839 0.000000 0.000000 0.000000 1.000000 0.384802 0.384802 0.384802
3981.085693 0.615479 1617.416748 0.000000 0.000000 0.000000 1.000000 0.298071 0.298071 0.298071
3976.620605 0.615479 1630.774292 0.000000 0.000000 0.000000 1.000000 0.298071 0.298071 0.298071
3682.895020 0.000000 1735.815674 0.000000 0.000000 0.000000 1.000000 0.352063 0.352063 0.352063
3729.941162 0.597168 1712.117065 0.000000 0.000000 0.000000 1.000000 0.276819 0.276819 0.276819
3761.572998 0.000000 1714.014526 0.000000 0.000000 0.000000 1.000000 0.268115 0.268115 0.268115
3789.639648 0.000000 1753.369995 0.000000 0.000000 0.000000 1.000000 0.284729 0.284729 0.284729
3804.213135 1.421997 1767.298340 0.000000 0.000000 0.000000 1.000000 0.225977 0.225977 0.225977
3871.023926 0.000000 1813.381104 0.000000 0.000000 0.000000 1.000000 0.239978 0.239978 0.239978
3884.288086 1.209595 1828.062866 0.000000 0.000000 0.000000 1.000000 0.213806 0.213806 0.213806
3919.602051 0.000000 1833.415283 0.000000 0.000000 0.000000 1.000000 0.155676 0.155676 0.155676
3934.940918 0.904053 1834.757446 0.000000 0.000000 0.000000 1.000000 0.204199 0.204199 0.204199
3991.512695 0.388428 1868.909546 0.000000 0.000000 0.000000 1.000000 0.183093 0.183093 0.183093
4013.974609 0.000000 1814.345459 0.000000 0.000000 0.000000 1.000000 0.208643 0.208643 0.208643
4057.579590 0.000000 1826.987915 0.000000 0.000000 0.000000 1.000000 0.236023 0.236023 0.236023
4070.927734 0.000000 1815.107910 0.000000 0.000000 0.000000 1.000000 0.155371 0.155371 0.155371
4448.124023 0.000000 1327.004272 0.000000 0.000000 0.000000 1.000000 0.308215 0.308215 0.308215
4442.405762 0.000000 1298.766602 0.000000 0.000000 0.000000 1.000000 0.252710 0.252710 0.252710
4493.115234 0.664185 1327.417236 0.000000 0.000000 0.000000 1.000000 0.273825 0.273825 0.273825
4496.933594 0.701416 1346.186523 0.000000 0.000000 0.000000 1.000000 0.290991 0.290991 0.290991
4498.179688 0.000000 1363.678833 0.000000 0.000000 0.000000 1.000000 0.162781 0.162781 0.162781
4480.238281 0.816650 1408.688232 0.000000 0.000000 0.000000 1.000000 0.394958 0.394958 0.394958
4480.909668 1.739868 1436.355347 0.000000 0.000000 0.000000 1.000000 0.241467 0.241467 0.241467
4471.496094 0.427246 1469.752930 0.000000 0.000000 0.000000 1.000000 0.407288 0.407288 0.407288
4589.020996 0.000000 1488.288330 0.000000 0.000000 0.000000 1.000000 0.816284 0.816284 0.816284
4593.654785 0.000000 1531.123169 0.000000 0.000000 0.000000 1.000000 0.670483 0.670483 0.670483
4598.354980 0.000000 1579.380615 0.000000 0.000000 0.000000 1.000000 0.580518 0.580518 0.580518
4572.541504 1.757080 1649.178467 0.000000 0.000000 0.000000 1.000000 0.469641 0.469641 0.469641
4531.761719 0.000000 1564.780396 0.000000 0.000000 0.000000 1.000000 1.000000 1.000000 1.000000
4479.030762 0.808716 1557.726562 0.000000 0.000000 0.000000 1.000000 1.000000 1.000000 1.000000
4523.262695 0.000000 1594.303589 0.000000 0.000000 0.000000 1.000000 1.000000 1.000000 1.000000
4435.444824 0.000000 1645.418457 0.000000 0.000000 0.000000 1.000000 1.000000 1.000000 1.000000
4446.354492 0.000000 1685.468872 0.000000 0.000000 0.000000 1.000000 1.000000 1.000000 1.000000
4312.762695 0.000000 1612.247070 0.000000 0.000000 0.000000 1.000000 0.440405 0.440405 0.440405
4234.991699 0.000000 1673.503296 0.000000 0.000000 0.000000 1.000000 0.453894 0.453894 0.453894
4361.502930 0.000000 1706.779419 0.000000 0.000000 0.000000 1.000000 0.504626 0.504626 0.504626
4341.590332 2.586670 1774.645386 0.000000 0.000000 0.000000 1.000000 0.558643 0.558643 0.558643
4412.404297 0.000000 1789.030762 0.000000 0.000000 0.000000 1.000000 1.000000 1.000000 1.000000
4497.396973 0.000000 1746.633423 0.000000 0.000000 0.000000 1.000000 0.713416 0.713416 0.713416
4454.233398 1.350952 1742.945923 0.000000 0.000000 0.000000 1.000000 0.426990 0.426990 0.426990
4553.681641 0.000000 1689.853394 0.000000 0.000000 0.000000 1.000000 0.385522 0.385522 0.385522
4605.489258 0.000000 1726.630859 0.000000 0.000000 0.000000 1.000000 0.443201 0.443201 0.443201
4557.001953 0.000000 1731.689331 0.000000 0.000000 0.000000 1.000000 0.561340 0.561340 0.561340
4577.979004 0.000000 1799.327759 0.000000 0.000000 0.000000 1.000000 1.000000 1.000000 1.000000
4622.080078 1.583496 1831.987549 0.000000 0.000000 0.000000 1.000000 0.515308 0.515308 0.515308
4559.632812 3.157715 1856.095581 0.000000 0.000000 0.000000 1.000000 0.675073 0.675073 0.675073
4502.426270 0.000000 1793.478027 0.000000 0.000000 0.000000 1.000000 0.370972 0.370972 0.370972
4670.172852 2.486572 1886.965088 0.000000 0.000000 0.000000 1.000000 0.491577 0.491577 0.491577
5108.149414 0.000000 1772.977051 0.000000 0.000000 0.000000 1.000000 0.647778 0.647778 0.647778
5149.885742 0.000000 1769.960327 0.000000 0.000000 0.000000 1.000000 1.000000 1.000000 1.000000
5078.615234 0.000000 1863.828125 0.000000 0.000000 0.000000 1.000000 0.553625 0.553625 0.553625
5121.894531 0.000000 1824.527954 0.000000 0.000000 0.000000 1.000000 0.464294 0.464294 0.464294
5156.118164 0.000000 1898.078613 0.000000 0.000000 0.000000 1.000000 0.704614 0.704614 0.704614
5229.243164 0.000000 1934.987305 0.000000 0.000000 0.000000 1.000000 0.605664 0.605664 0.605664
5286.017578 2.377075 1968.771118 0.000000 0.000000 0.000000 1.000000 1.249927 1.249927 1.249927
5347.750977 1.734253 1999.505737 0.000000 0.000000 0.000000 1.000000 1.320081 1.320081 1.320081
5333.673340 0.000000 1949.129761 0.000000 0.000000 0.000000 1.000000 0.661536 0.661536 0.661536
5452.939941 0.000000 2116.046143 0.000000 0.000000 0.000000 1.000000 1.000000 1.000000 1.000000
5541.334473 0.828613 2143.954346 0.000000 0.000000 0.000000 1.000000 0.470508 0.470508 0.470508
5620.071777 0.000000 2165.113281 0.000000 0.000000 0.000000 1.000000 0.347656 0.347656 0.347656
5894.521484 1.091064 2189.614990 0.000000 0.000000 0.000000 1.000000 0.367312 0.367312 0.367312
5868.600586 1.091064 2211.447998 0.000000 0.000000 0.000000 1.000000 0.367312 0.367312 0.367312
5844.285645 1.091064 2212.152588 0.000000 0.000000 0.000000 1.000000 0.367312 0.367312 0.367312
5845.644531 1.770508 2179.831787 0.000000 0.000000 0.000000 1.000000 0.367312 0.367312 0.367312
5819.081055 1.770508 2191.385254 0.000000 0.000000 0.000000 1.000000 0.367312 0.367312 0.367312
5829.388672 -0.663574 2125.803467 0.000000 0.000000 0.000000 1.000000 0.305434 0.305434 0.305434
5763.437988 -0.663574 2146.192383 0.000000 0.000000 0.000000 1.000000 0.276416 0.276416 0.276416
5708.643555 -0.663574 2192.295166 0.000000 0.000000 0.000000 1.000000 0.276416 0.276416 0.276416
5652.940918 0.000000 2170.146729 0.000000 0.000000 0.000000 1.000000 0.276416 0.276416 0.276416
4510.267578 1.328857 2264.759277 0.000000 0.000000 0.000000 1.000000 1.000000 1.000000 1.000000
4475.141602 0.000000 2321.049072 0.000000 0.000000 0.000000 1.000000 0.578418 0.578418 0.578418
"}
object={
	name="env_desert_plains"
	render_pass=Map
	clamp_to_water_level=yes
	generated_content=no
	layer="env_effect_layer"
	entity="env_desert_plains"
	count=15
	transform="380.762756 0.000000 636.083801 0.000000 0.000000 0.000000 1.000000 0.741217 0.741217 0.741217
3405.906738 0.000000 1175.281250 0.000000 0.000000 0.000000 1.000000 0.671313 0.671313 0.671313
3431.007080 0.000000 1120.045776 0.000000 0.000000 0.000000 1.000000 0.665503 0.665503 0.665503
3414.803955 0.000000 1146.884766 0.000000 0.000000 0.000000 1.000000 0.534302 0.534302 0.534302
3454.817139 0.000000 1007.740417 0.000000 0.000000 0.000000 1.000000 0.722021 0.722021 0.722021
4743.164551 0.000000 1443.249390 0.000000 0.000000 0.000000 1.000000 1.000000 1.000000 1.000000
4788.098145 0.000000 1471.978882 0.000000 0.000000 0.000000 1.000000 1.000000 1.000000 1.000000
4613.948242 0.000000 1327.322998 0.000000 0.000000 0.000000 1.000000 1.000000 1.000000 1.000000
4624.004883 0.000000 1279.230713 0.000000 0.000000 0.000000 1.000000 1.000000 1.000000 1.000000
4259.658691 0.000000 1484.735962 0.000000 0.000000 0.000000 1.000000 0.667493 0.667493 0.667493
4249.641113 0.000000 1872.042114 0.000000 0.000000 0.000000 1.000000 0.711273 0.711273 0.711273
3904.614502 0.000000 2420.605225 0.000000 0.000000 0.000000 1.000000 0.714624 0.714624 0.714624
4766.006348 0.000000 2383.659424 0.000000 0.000000 0.000000 1.000000 1.000000 1.000000 1.000000
5802.192871 0.000000 2329.054932 0.000000 0.000000 0.000000 1.000000 0.636865 0.636865 0.636865
5377.431641 0.000000 1801.399780 0.000000 0.000000 0.000000 1.000000 1.000000 1.000000 1.000000
"}
object={
	name="env_desert_plains_ambient"
	render_pass=Map
	clamp_to_water_level=yes
	generated_content=no
	layer="env_effect_layer"
	entity="env_desert_plains_ambient"
	count=99
	transform="235.835510 0.000000 948.768127 0.000000 0.000000 0.000000 1.000000 1.000000 1.000000 1.000000
222.681961 0.000000 864.556091 0.000000 0.000000 0.000000 1.000000 1.000000 1.000000 1.000000
253.601166 0.000000 1025.021240 0.000000 0.000000 0.000000 1.000000 0.955786 0.955786 0.955786
313.405426 0.000000 1134.953369 0.000000 0.000000 0.000000 1.000000 1.000000 1.000000 1.000000
181.545670 0.000000 909.240173 0.000000 0.000000 0.000000 1.000000 1.000000 1.000000 1.000000
449.452362 -0.242310 897.531433 0.000000 0.000000 0.000000 1.000000 1.815253 1.815253 1.815253
630.685303 0.000000 844.785583 0.000000 0.000000 0.000000 1.000000 2.668341 2.668341 2.668341
608.178223 0.000000 1055.652954 0.000000 0.000000 0.000000 1.000000 2.037744 2.037744 2.037744
951.118103 0.000000 811.411682 0.000000 0.000000 0.000000 1.000000 2.198291 2.198291 2.198291
863.019653 0.000000 979.207764 0.000000 0.000000 0.000000 1.000000 2.171826 2.171826 2.171826
1051.690186 0.000000 1300.904175 0.000000 0.000000 0.000000 1.000000 2.078748 2.078748 2.078748
937.016235 0.000000 1278.712280 0.000000 0.000000 0.000000 1.000000 1.765440 1.765440 1.765440
1356.132202 0.000000 1023.640808 0.000000 0.000000 0.000000 1.000000 2.440082 2.440082 2.440082
1407.069580 0.000000 1285.926392 0.000000 0.000000 0.000000 1.000000 1.757678 1.757678 1.757678
1283.235107 0.000000 1398.041748 0.000000 0.000000 0.000000 1.000000 1.000000 1.000000 1.000000
715.574341 0.000000 1245.102417 0.000000 0.000000 0.000000 1.000000 0.671838 0.671838 0.671838
560.582703 0.000000 1206.916992 0.000000 0.000000 0.000000 1.000000 0.475837 0.475837 0.475837
484.149994 0.000000 1183.513306 0.000000 0.000000 0.000000 1.000000 0.511557 0.511557 0.511557
1325.079102 0.000000 691.069397 0.000000 0.000000 0.000000 1.000000 1.828168 1.828168 1.828168
1587.491577 0.000000 814.929871 0.000000 0.000000 0.000000 1.000000 1.841754 1.841754 1.841754
1675.619263 0.000000 588.902710 0.000000 0.000000 0.000000 1.000000 1.221500 1.221500 1.221500
1912.730225 0.000000 693.510803 0.000000 0.000000 0.000000 1.000000 1.889435 1.889435 1.889435
1763.812256 0.000000 939.333862 0.000000 0.000000 0.000000 1.000000 1.038013 1.038013 1.038013
1696.227905 0.000000 1178.525757 0.000000 0.000000 0.000000 1.000000 1.542456 1.542456 1.542456
1932.554810 0.000000 1135.950317 0.000000 0.000000 0.000000 1.000000 0.716504 0.716504 0.716504
2045.260010 0.000000 965.701416 0.000000 0.000000 0.000000 1.000000 2.235785 2.235785 2.235785
2279.842773 0.000000 746.314148 0.000000 0.000000 0.000000 1.000000 2.690900 2.690900 2.690900
2504.344238 0.000000 790.695312 0.000000 0.000000 0.000000 1.000000 3.127435 3.127435 3.127435
2407.573975 0.000000 1033.682129 0.000000 0.000000 0.000000 1.000000 2.224841 2.224841 2.224841
3096.971436 0.000000 94.629547 0.000000 0.000000 0.000000 1.000000 0.636585 0.636585 0.636585
3474.769531 0.000000 302.361420 0.000000 0.000000 0.000000 1.000000 0.841418 0.841418 0.841418
3659.311279 0.000000 365.749329 0.000000 0.000000 0.000000 1.000000 0.361235 0.361235 0.361235
3527.307373 0.000000 275.451050 0.000000 0.000000 0.000000 1.000000 0.972903 0.972903 0.972903
2645.522461 0.000000 1120.439575 0.000000 0.000000 0.000000 1.000000 1.000000 1.000000 1.000000
2767.062500 0.000000 1189.085205 0.000000 0.000000 0.000000 1.000000 0.611597 0.611597 0.611597
2765.830566 0.000000 836.596497 0.000000 0.000000 0.000000 1.000000 0.667139 0.667139 0.667139
2878.604492 0.000000 874.136902 0.000000 0.000000 0.000000 1.000000 0.672772 0.672772 0.672772
2834.711914 0.000000 729.569885 0.000000 0.000000 0.000000 1.000000 0.545020 0.545020 0.545020
2687.249023 0.000000 581.326477 0.000000 0.000000 0.000000 1.000000 1.145217 1.145217 1.145217
2580.817383 0.000000 583.869263 0.000000 0.000000 0.000000 1.000000 0.368042 0.368042 0.368042
2953.906250 0.000000 598.641541 0.000000 0.000000 0.000000 1.000000 0.644995 0.644995 0.644995
3022.203125 0.000000 692.499695 0.000000 0.000000 0.000000 1.000000 0.469543 0.469543 0.469543
2863.662842 0.000000 1042.460083 0.000000 0.000000 0.000000 1.000000 0.423084 0.423084 0.423084
2947.198975 0.000000 991.706543 0.000000 0.000000 0.000000 1.000000 0.329249 0.329249 0.329249
2894.590820 0.000000 959.180542 0.000000 0.000000 0.000000 1.000000 0.220822 0.220822 0.220822
2961.648438 0.000000 779.839478 0.000000 0.000000 0.000000 1.000000 0.220822 0.220822 0.220822
2957.141602 0.000000 745.436829 0.000000 0.000000 0.000000 1.000000 0.220822 0.220822 0.220822
3108.066162 0.000000 712.505310 0.000000 0.000000 0.000000 1.000000 0.220822 0.220822 0.220822
2889.845703 0.000000 1296.539307 0.000000 0.000000 0.000000 1.000000 0.372290 0.372290 0.372290
3491.615234 0.000000 2518.870850 0.000000 0.000000 0.000000 1.000000 0.973608 0.973608 0.973608
3443.607666 0.853027 2588.119141 0.000000 0.000000 0.000000 1.000000 1.155151 1.155151 1.155151
3086.441650 0.000000 1599.666748 0.000000 0.000000 0.000000 1.000000 0.185437 0.185437 0.185437
3137.359619 0.000000 1628.161377 0.000000 0.000000 0.000000 1.000000 0.218945 0.218945 0.218945
3288.025391 0.000000 1629.755005 0.000000 0.000000 0.000000 1.000000 0.362835 0.362835 0.362835
3257.235840 0.000000 1641.337524 0.000000 0.000000 0.000000 1.000000 0.444038 0.444038 0.444038
3143.598145 0.000000 1437.274292 0.000000 0.000000 0.000000 1.000000 1.631763 1.631763 1.631763
3254.051514 0.000000 1434.569946 0.000000 0.000000 0.000000 1.000000 1.603003 1.603003 1.603003
3096.004150 0.000000 1281.192993 0.000000 0.000000 0.000000 1.000000 1.000000 1.000000 1.000000
3156.039551 0.000000 1247.107544 0.000000 0.000000 0.000000 1.000000 1.000000 1.000000 1.000000
3411.208984 0.000000 1339.195801 0.000000 0.000000 0.000000 1.000000 0.893115 0.893115 0.893115
3475.406006 0.000000 1200.255005 0.000000 0.000000 0.000000 1.000000 0.812964 0.812964 0.812964
3560.678711 0.000000 1150.877686 0.000000 0.000000 0.000000 1.000000 0.696912 0.696912 0.696912
3520.870850 0.000000 1173.731934 0.000000 0.000000 0.000000 1.000000 0.520020 0.520020 0.520020
3505.108398 0.000000 812.659851 0.000000 0.000000 0.000000 1.000000 1.281580 1.281580 1.281580
3630.783447 0.000000 880.323669 0.000000 0.000000 0.000000 1.000000 1.886658 1.886658 1.886658
3757.336914 0.000000 889.391418 0.000000 0.000000 0.000000 1.000000 2.326880 2.326880 2.326880
3916.752441 0.000000 930.814392 0.000000 0.000000 0.000000 1.000000 1.476953 1.476953 1.476953
4695.517090 0.000000 1392.501099 0.000000 0.000000 0.000000 1.000000 0.649577 0.649577 0.649577
4337.340820 0.000000 1421.248657 0.000000 0.000000 0.000000 1.000000 0.830762 0.830762 0.830762
4383.982910 0.000000 1462.502808 0.000000 0.000000 0.000000 1.000000 0.872400 0.872400 0.872400
4078.819336 0.000000 1469.244141 0.000000 0.000000 0.000000 1.000000 0.587683 0.587683 0.587683
4041.741211 0.000000 1519.674316 0.000000 0.000000 0.000000 1.000000 0.620581 0.620581 0.620581
3903.429199 0.000000 1680.448120 0.000000 0.000000 0.000000 1.000000 0.812427 0.812427 0.812427
3848.349854 0.000000 1678.542358 0.000000 0.000000 0.000000 1.000000 0.457410 0.457410 0.457410
4111.529785 0.000000 1991.534058 0.000000 0.000000 0.000000 1.000000 0.821436 0.821436 0.821436
4024.809082 0.000000 1988.285400 0.000000 0.000000 0.000000 1.000000 1.160376 1.160376 1.160376
3989.184326 0.000000 2059.764648 0.000000 0.000000 0.000000 1.000000 0.693506 0.693506 0.693506
3960.515137 0.000000 1975.213989 0.000000 0.000000 0.000000 1.000000 0.597510 0.597510 0.597510
3860.700439 0.000000 2063.445312 0.000000 0.000000 0.000000 1.000000 0.542085 0.542085 0.542085
3840.008301 0.000000 2145.594238 0.000000 0.000000 0.000000 1.000000 1.081183 1.081183 1.081183
3844.851074 0.000000 2249.720215 0.000000 0.000000 0.000000 1.000000 0.853526 0.853526 0.853526
3862.918701 0.000000 2335.655029 0.000000 0.000000 0.000000 1.000000 0.664233 0.664233 0.664233
4326.216309 0.000000 2176.143799 0.000000 0.000000 0.000000 1.000000 1.000000 1.000000 1.000000
4199.408691 0.000000 2219.362305 0.000000 0.000000 0.000000 1.000000 1.589917 1.589917 1.589917
4202.456543 0.000000 2113.510254 0.000000 0.000000 0.000000 1.000000 0.764697 0.764697 0.764697
4111.606445 0.000000 2246.019531 0.000000 0.000000 0.000000 1.000000 1.163330 1.163330 1.163330
4869.219727 0.000000 2449.630859 0.000000 0.000000 0.000000 1.000000 0.533496 0.533496 0.533496
4838.917480 0.000000 2480.865234 0.000000 0.000000 0.000000 1.000000 0.533496 0.533496 0.533496
4792.088867 0.000000 2487.265137 0.000000 0.000000 0.000000 1.000000 0.533496 0.533496 0.533496
5428.048828 0.000000 2594.465820 0.000000 0.000000 0.000000 1.000000 0.585085 0.585085 0.585085
5469.257324 0.000000 2575.922852 0.000000 0.000000 0.000000 1.000000 0.412891 0.412891 0.412891
5714.030273 0.000000 2336.424805 0.000000 0.000000 0.000000 1.000000 0.834985 0.834985 0.834985
5635.437988 0.000000 2340.791748 0.000000 0.000000 0.000000 1.000000 1.218555 1.218555 1.218555
5531.523926 0.000000 2326.743164 0.000000 0.000000 0.000000 1.000000 0.561401 0.561401 0.561401
5295.555664 0.000000 2173.383545 0.000000 0.000000 0.000000 1.000000 1.197266 1.197266 1.197266
5162.131348 0.000000 2116.564941 0.000000 0.000000 0.000000 1.000000 1.687988 1.687988 1.687988
5022.660156 0.000000 2066.134521 0.000000 0.000000 0.000000 1.000000 1.480249 1.480249 1.480249
4918.284180 0.000000 2016.772949 0.000000 0.000000 0.000000 1.000000 0.734290 0.734290 0.734290
5237.664062 0.000000 1830.575684 0.000000 0.000000 0.000000 1.000000 0.511047 0.511047 0.511047
"}
object={
	name="env_mist_forest"
	render_pass=Map
	clamp_to_water_level=yes
	generated_content=no
	layer="env_effect_layer"
	entity="env_mist_sun"
	count=105
	transform="2141.059326 0.000000 3543.593506 0.000000 0.000000 0.000000 1.000000 1.000000 1.000000 1.000000
2175.089844 0.000000 3577.354980 0.000000 0.000000 0.000000 1.000000 1.000000 1.000000 1.000000
2209.466797 0.000000 3521.710693 0.000000 0.000000 0.000000 1.000000 1.000000 1.000000 1.000000
2249.520264 0.000000 3669.718750 0.000000 0.000000 0.000000 1.000000 1.206787 1.206787 1.206787
2298.471680 0.000000 3693.831543 0.000000 0.000000 0.000000 1.000000 1.000000 1.000000 1.000000
2285.832764 0.000000 3582.442383 0.000000 0.000000 0.000000 1.000000 1.330542 1.330542 1.330542
2338.371338 0.000000 3585.624756 0.000000 0.000000 0.000000 1.000000 1.000000 1.000000 1.000000
2334.714844 0.000000 3542.948242 0.000000 0.000000 0.000000 1.000000 1.000000 1.000000 1.000000
2247.077881 0.000000 3507.642090 0.000000 0.000000 0.000000 1.000000 0.526074 0.526074 0.526074
2445.426270 0.000000 3342.554932 0.000000 0.000000 0.000000 1.000000 1.000000 1.000000 1.000000
2501.034668 0.000000 3325.942383 0.000000 0.000000 0.000000 1.000000 1.584106 1.584106 1.584106
2541.392578 0.000000 3221.605469 0.000000 0.000000 0.000000 1.000000 0.730298 0.730298 0.730298
2553.317383 0.000000 3178.814697 0.000000 0.000000 0.000000 1.000000 1.000000 1.000000 1.000000
2614.138184 0.000000 3546.936279 0.000000 0.000000 0.000000 1.000000 1.000000 1.000000 1.000000
2608.238281 0.000000 3499.139893 0.000000 0.000000 0.000000 1.000000 1.000000 1.000000 1.000000
2617.245117 0.000000 3453.284180 0.000000 0.000000 0.000000 1.000000 1.000000 1.000000 1.000000
2644.100098 0.000000 3476.046631 0.000000 0.000000 0.000000 1.000000 0.657153 0.657153 0.657153
2770.654053 0.000000 3468.555176 0.000000 0.000000 0.000000 1.000000 1.218066 1.218066 1.218066
2725.070557 0.000000 3681.761719 0.000000 0.000000 0.000000 1.000000 1.000000 1.000000 1.000000
2781.118652 0.000000 3650.200684 0.000000 0.000000 0.000000 1.000000 1.000000 1.000000 1.000000
2828.680908 0.000000 3614.323975 0.000000 0.000000 0.000000 1.000000 1.000000 1.000000 1.000000
2857.515625 0.000000 3574.031738 0.000000 0.000000 0.000000 1.000000 1.000000 1.000000 1.000000
2910.022705 0.000000 3493.593018 0.000000 0.000000 0.000000 1.000000 1.000000 1.000000 1.000000
2897.871826 0.000000 3437.128906 0.000000 0.000000 0.000000 1.000000 1.000000 1.000000 1.000000
2931.056396 0.000000 3373.343506 0.000000 0.000000 0.000000 1.000000 1.000000 1.000000 1.000000
2903.949219 0.000000 3309.934082 0.000000 0.000000 0.000000 1.000000 1.136914 1.136914 1.136914
2922.193359 0.000000 3250.784668 0.000000 0.000000 0.000000 1.000000 1.000000 1.000000 1.000000
2976.541504 0.000000 3324.780518 0.000000 0.000000 0.000000 1.000000 1.000000 1.000000 1.000000
3039.523926 0.000000 3287.199463 0.000000 0.000000 0.000000 1.000000 1.000000 1.000000 1.000000
3080.075439 0.000000 3239.521484 0.000000 0.000000 0.000000 1.000000 1.000000 1.000000 1.000000
3186.201660 0.000000 3283.663330 0.000000 0.000000 0.000000 1.000000 1.000000 1.000000 1.000000
3249.020020 0.000000 3294.789551 0.000000 0.000000 0.000000 1.000000 1.000000 1.000000 1.000000
3306.354248 0.000000 3312.568359 0.000000 0.000000 0.000000 1.000000 1.000000 1.000000 1.000000
3287.159424 0.000000 3363.114746 0.000000 0.000000 0.000000 1.000000 1.000000 1.000000 1.000000
3340.240967 0.000000 3401.845215 0.000000 0.000000 0.000000 1.000000 1.000000 1.000000 1.000000
3418.161133 0.000000 3412.669678 0.000000 0.000000 0.000000 1.000000 1.000000 1.000000 1.000000
3480.427734 0.000000 3430.982178 0.000000 0.000000 0.000000 1.000000 1.000000 1.000000 1.000000
3570.124023 0.000000 3426.854980 0.000000 0.000000 0.000000 1.000000 1.000000 1.000000 1.000000
3647.303955 0.000000 3440.774658 0.000000 0.000000 0.000000 1.000000 1.000000 1.000000 1.000000
3860.398193 0.000000 3384.766602 0.000000 0.000000 0.000000 1.000000 1.000000 1.000000 1.000000
3943.476807 0.000000 3437.892578 0.000000 0.000000 0.000000 1.000000 1.000000 1.000000 1.000000
4008.855469 0.000000 3419.686035 0.000000 0.000000 0.000000 1.000000 1.000000 1.000000 1.000000
4016.806885 0.000000 3504.501709 0.000000 0.000000 0.000000 1.000000 1.000000 1.000000 1.000000
4222.962891 0.000000 3428.950928 0.000000 0.000000 0.000000 1.000000 1.797559 1.797559 1.797559
4392.164062 0.000000 3358.085449 0.000000 0.000000 0.000000 1.000000 1.000000 1.000000 1.000000
4468.886719 0.000000 3285.967529 0.000000 0.000000 0.000000 1.000000 1.000000 1.000000 1.000000
4410.359863 0.000000 3158.872070 0.000000 0.000000 0.000000 1.000000 1.000000 1.000000 1.000000
4233.876953 0.000000 3166.842529 0.000000 0.000000 0.000000 1.000000 1.600635 1.600635 1.600635
4831.582520 0.000000 3404.824463 0.000000 0.000000 0.000000 1.000000 1.000000 1.000000 1.000000
4954.770996 0.000000 3449.033203 0.000000 0.000000 0.000000 1.000000 1.000000 1.000000 1.000000
5071.733398 0.000000 3451.946289 0.000000 0.000000 0.000000 1.000000 1.000000 1.000000 1.000000
5817.958496 0.000000 3425.153564 0.000000 0.000000 0.000000 1.000000 1.000000 1.000000 1.000000
6102.660156 0.000000 3651.695312 0.000000 0.000000 0.000000 1.000000 1.000000 1.000000 1.000000
6140.701172 0.000000 1074.055420 0.000000 0.000000 0.000000 1.000000 1.000000 1.000000 1.000000
6093.336426 0.000000 1171.513062 0.000000 0.000000 0.000000 1.000000 1.000000 1.000000 1.000000
6073.020020 0.000000 1264.348511 0.000000 0.000000 0.000000 1.000000 1.000000 1.000000 1.000000
6064.742188 0.000000 1344.650269 0.000000 0.000000 0.000000 1.000000 1.000000 1.000000 1.000000
6024.866211 0.000000 1430.152588 0.000000 0.000000 0.000000 1.000000 1.000000 1.000000 1.000000
6074.124023 0.000000 1485.878296 0.000000 0.000000 0.000000 1.000000 3.063232 3.063232 3.063232
5964.508789 0.000000 1431.750244 0.000000 0.000000 0.000000 1.000000 1.000000 1.000000 1.000000
5841.810059 0.000000 1316.145142 0.000000 0.000000 0.000000 1.000000 0.593762 0.593762 0.593762
5851.124512 0.000000 1258.243774 0.000000 0.000000 0.000000 1.000000 0.732153 0.732153 0.732153
5875.388672 0.000000 1204.208252 0.000000 0.000000 0.000000 1.000000 0.514282 0.514282 0.514282
5246.725586 0.000000 1007.027527 0.000000 0.000000 0.000000 1.000000 1.316821 1.316821 1.316821
5359.094238 0.000000 988.601807 0.000000 0.000000 0.000000 1.000000 0.407538 0.407538 0.407538
5344.531250 0.000000 944.394043 0.000000 0.000000 0.000000 1.000000 0.457458 0.457458 0.457458
2898.641113 0.000000 121.650093 0.000000 0.000000 0.000000 1.000000 4.067575 4.067575 4.067575
2700.636719 0.000000 118.591522 0.000000 0.000000 0.000000 1.000000 4.067575 4.067575 4.067575
2510.415527 0.000000 128.979279 0.000000 0.000000 0.000000 1.000000 4.067575 4.067575 4.067575
2326.315430 0.000000 137.290192 0.000000 0.000000 0.000000 1.000000 2.603565 2.603565 2.603565
2154.342773 0.000000 142.974228 0.000000 0.000000 0.000000 1.000000 2.603565 2.603565 2.603565
2017.503784 0.000000 154.235809 0.000000 0.000000 0.000000 1.000000 2.603565 2.603565 2.603565
1877.100464 0.000000 185.232758 0.000000 0.000000 0.000000 1.000000 2.603565 2.603565 2.603565
1768.888550 0.000000 101.690590 0.000000 0.000000 0.000000 1.000000 2.603565 2.603565 2.603565
1492.544678 0.000000 65.099266 0.000000 0.000000 0.000000 1.000000 0.788075 0.788075 0.788075
856.144531 0.000000 603.621826 0.000000 0.000000 0.000000 1.000000 0.274979 0.274979 0.274979
841.608337 0.000000 570.586182 0.000000 0.000000 0.000000 1.000000 0.443714 0.443714 0.443714
5843.829102 0.000000 2506.498779 0.000000 0.000000 0.000000 1.000000 2.872632 2.872632 2.872632
5951.733887 0.000000 2569.973145 0.000000 0.000000 0.000000 1.000000 2.918067 2.918067 2.918067
6093.823242 0.000000 2560.098145 0.000000 0.000000 0.000000 1.000000 3.948779 3.948779 3.948779
6260.731934 0.000000 2699.227295 0.000000 0.000000 0.000000 1.000000 6.633838 6.633838 6.633838
6495.341797 0.000000 2295.684326 0.000000 0.000000 0.000000 1.000000 4.178710 4.178710 4.178710
6327.373047 0.000000 3149.875488 0.000000 0.000000 0.000000 1.000000 1.534155 1.534155 1.534155
6325.858887 0.000000 3242.831787 0.000000 0.000000 0.000000 1.000000 1.615185 1.615185 1.615185
4681.729980 0.000000 2606.204102 0.000000 0.000000 0.000000 1.000000 1.166650 1.166650 1.166650
4899.223145 0.000000 2918.658203 0.000000 0.000000 0.000000 1.000000 1.000000 1.000000 1.000000
4794.894531 0.000000 2823.252441 0.000000 0.000000 0.000000 1.000000 1.459229 1.459229 1.459229
4716.460938 0.000000 2849.145752 0.000000 0.000000 0.000000 1.000000 1.464526 1.464526 1.464526
4659.264648 0.000000 2872.398193 0.000000 0.000000 0.000000 1.000000 1.396167 1.396167 1.396167
4602.474609 0.000000 2905.695068 0.000000 0.000000 0.000000 1.000000 1.370239 1.370239 1.370239
4451.886230 0.000000 3001.057617 0.000000 0.000000 0.000000 1.000000 1.897241 1.897241 1.897241
4315.296875 0.000000 2947.663330 0.000000 0.000000 0.000000 1.000000 1.242920 1.242920 1.242920
4214.666992 0.000000 2991.323242 0.000000 0.000000 0.000000 1.000000 1.346289 1.346289 1.346289
4233.651855 0.000000 3034.521240 0.000000 0.000000 0.000000 1.000000 1.060840 1.060840 1.060840
4207.695801 0.000000 2786.155029 0.000000 0.000000 0.000000 1.000000 1.728418 1.728418 1.728418
4129.923828 0.000000 2788.139893 0.000000 0.000000 0.000000 1.000000 1.416357 1.416357 1.416357
4060.210938 0.000000 2770.271240 0.000000 0.000000 0.000000 1.000000 1.374268 1.374268 1.374268
3896.086182 0.000000 2689.438477 0.000000 0.000000 0.000000 1.000000 1.335938 1.335938 1.335938
3789.792236 0.000000 2687.219727 0.000000 0.000000 0.000000 1.000000 1.157056 1.157056 1.157056
3694.904297 0.000000 2699.454834 0.000000 0.000000 0.000000 1.000000 1.000000 1.000000 1.000000
3619.990723 0.000000 2690.754639 0.000000 0.000000 0.000000 1.000000 1.000000 1.000000 1.000000
3313.828369 0.000000 2353.437744 0.000000 0.000000 0.000000 1.000000 1.921509 1.921509 1.921509
3206.026367 0.000000 2368.157471 0.000000 0.000000 0.000000 1.000000 2.267358 2.267358 2.267358
4590.911621 0.000000 3173.989014 0.000000 0.000000 0.000000 1.000000 1.346802 1.346802 1.346802
4663.714844 0.000000 3162.239502 0.000000 0.000000 0.000000 1.000000 1.084546 1.084546 1.084546
"}
object={
	name="env_snow_plains"
	render_pass=Map
	clamp_to_water_level=yes
	generated_content=no
	layer="env_effect_layer"
	entity="env_snow_plains"
	count=2
	transform="2585.850342 -3.095947 3754.724365 0.000000 0.000000 0.000000 1.000000 1.000000 1.000000 1.000000
2603.244873 0.000000 3941.772461 0.000000 0.000000 0.000000 1.000000 1.000000 1.000000 1.000000
"}
object={
	name="env_snow_plains_ambient"
	render_pass=Map
	clamp_to_water_level=yes
	generated_content=no
	layer="env_effect_layer"
	entity="env_snow_plains_ambient"
	count=41
	transform="2673.284668 -0.325439 3779.354736 0.000000 0.000000 0.000000 1.000000 1.000000 1.000000 1.000000
2747.373535 0.000000 3739.692139 0.000000 0.000000 0.000000 1.000000 1.000000 1.000000 1.000000
2854.227051 -1.495361 3677.693848 0.000000 0.000000 0.000000 1.000000 1.000000 1.000000 1.000000
2653.296143 -2.859131 3866.798096 0.000000 0.000000 0.000000 1.000000 1.000000 1.000000 1.000000
2930.498779 0.000000 3592.507812 0.000000 0.000000 0.000000 1.000000 1.000000 1.000000 1.000000
2985.886475 0.000000 3416.119141 0.000000 0.000000 0.000000 1.000000 1.000000 1.000000 1.000000
3104.511230 -1.886475 3314.667480 0.000000 0.000000 0.000000 1.000000 1.000000 1.000000 1.000000
3219.811768 0.000000 3370.435791 0.000000 0.000000 0.000000 1.000000 1.000000 1.000000 1.000000
3277.400146 0.000000 3428.197998 0.000000 0.000000 0.000000 1.000000 1.000000 1.000000 1.000000
3418.455078 0.000000 3489.718262 0.000000 0.000000 0.000000 1.000000 1.000000 1.000000 1.000000
3545.254639 0.000000 3491.875732 0.000000 0.000000 0.000000 1.000000 1.000000 1.000000 1.000000
3609.775635 0.000000 3519.306641 0.000000 0.000000 0.000000 1.000000 1.000000 1.000000 1.000000
3852.097656 0.000000 3505.894775 0.000000 0.000000 0.000000 1.000000 1.000000 1.000000 1.000000
4333.751465 -1.473389 3520.120117 0.000000 0.000000 0.000000 1.000000 1.000000 1.000000 1.000000
4361.722656 0.000000 3426.820312 0.000000 0.000000 0.000000 1.000000 1.000000 1.000000 1.000000
4461.782227 0.000000 3361.066650 0.000000 0.000000 0.000000 1.000000 1.000000 1.000000 1.000000
4571.643555 0.000000 3369.905273 0.000000 0.000000 0.000000 1.000000 1.000000 1.000000 1.000000
4447.881836 0.000000 3488.067871 0.000000 0.000000 0.000000 1.000000 1.000000 1.000000 1.000000
4519.472168 0.000000 3427.984619 0.000000 0.000000 0.000000 1.000000 1.000000 1.000000 1.000000
4658.865723 0.000000 3333.529297 0.000000 0.000000 0.000000 1.000000 1.000000 1.000000 1.000000
4635.094727 0.000000 3440.638916 0.000000 0.000000 0.000000 1.000000 1.000000 1.000000 1.000000
4749.487305 0.000000 3379.957764 0.000000 0.000000 0.000000 1.000000 1.000000 1.000000 1.000000
4885.259277 0.000000 3498.095947 0.000000 0.000000 0.000000 1.000000 1.000000 1.000000 1.000000
5010.400391 0.000000 3515.083740 0.000000 0.000000 0.000000 1.000000 1.000000 1.000000 1.000000
5201.500977 0.000000 3521.305176 0.000000 0.000000 0.000000 1.000000 1.000000 1.000000 1.000000
5302.044434 0.000000 3499.981445 0.000000 0.000000 0.000000 1.000000 1.000000 1.000000 1.000000
5429.820801 0.000000 3469.427490 0.000000 0.000000 0.000000 1.000000 1.000000 1.000000 1.000000
5562.281250 0.000000 3456.791504 0.000000 0.000000 0.000000 1.000000 1.000000 1.000000 1.000000
5716.646973 0.000000 3456.677002 0.000000 0.000000 0.000000 1.000000 1.000000 1.000000 1.000000
5808.836914 0.000000 3522.287598 0.000000 0.000000 0.000000 1.000000 1.000000 1.000000 1.000000
5884.629883 0.000000 3665.562500 0.000000 0.000000 0.000000 1.000000 1.000000 1.000000 1.000000
5969.932617 0.000000 3767.614258 0.000000 0.000000 0.000000 1.000000 1.000000 1.000000 1.000000
6107.879883 0.000000 3759.245117 0.000000 0.000000 0.000000 1.000000 1.000000 1.000000 1.000000
6164.384277 0.000000 3672.091309 0.000000 0.000000 0.000000 1.000000 1.000000 1.000000 1.000000
6264.890137 0.000000 3732.999756 0.000000 0.000000 0.000000 1.000000 1.000000 1.000000 1.000000
6340.957520 0.000000 3635.495361 0.000000 0.000000 0.000000 1.000000 1.000000 1.000000 1.000000
6317.767578 0.000000 3354.130371 0.000000 0.000000 0.000000 1.000000 1.000000 1.000000 1.000000
3064.282715 0.000000 3343.435303 0.000000 0.000000 0.000000 1.000000 1.000000 1.000000 1.000000
2976.094727 0.000000 3500.511963 0.000000 0.000000 0.000000 1.000000 1.000000 1.000000 1.000000
2815.877441 0.000000 3705.889404 0.000000 0.000000 0.000000 1.000000 1.000000 1.000000 1.000000
3356.922363 0.000000 3458.158203 0.000000 0.000000 0.000000 1.000000 1.000000 1.000000 1.000000
"}
